78
0 -33
1 -32
2 -31
3 -30
4 -29
5 -28
6 -27
7 -26
8 -25
9 -24
10 -23
11 -22
12 -21
13 -20
14 -19
15 -18
16 -17
17 -16
18 -15
19 -14
20 -13
21 -12
22 -11
23 -10
24 -9
25 -8
26 -7
27 -6
28 -5
29 -4
30 -3
31 -2
32 -1
33 0
34 0
35 1
36 2
37 3
38 4
39 5
40 7
41 8
42 9
43 10
44 11
45 12
46 13
47 14
48 15
49 16
50 17
51 18
52 19
53 20
54 20
55 22
56 22
57 23
58 25
59 26
60 27
61 28
62 29
63 30
64 30
65 31
66 33
67 33
68 35
69 36
70 37
71 38
72 39
73 40
74 41
75 41
76 43
77 43
