6
5
6
510 723 844 974 1113 
560 783 908 1042 1186 
667 908 1042 1186 1339 
908 1186 1339 1501 1672 
807 1070 1216 1370 1534 
482 689 807 934 1070 
28 39 46 53 61 
30 43 49 57 65 
36 49 57 65 73 
49 65 73 82 91 
44 58 66 75 84 
26 37 44 51 58 
17 24 28 32 37 
18 26 30 34 39 
22 30 34 39 44 
30 39 44 50 55 
26 35 40 45 51 
16 22 26 31 35 
8 12 14 16 19 
9 13 15 17 20 
11 15 17 20 23 
15 20 23 25 28 
13 18 20 23 26 
8 11 13 16 18 
6 9 11 13 15 
7 10 12 14 16 
9 12 14 16 18 
12 16 18 20 22 
10 14 16 18 20 
6 9 10 12 14 
1873 2654 3096 3572 4081 
2055 2871 3329 3822 4349 
2446 3329 3822 4349 4909 
3329 4349 4909 5504 6133 
2960 3925 4458 5026 5627 
1767 2528 2960 3425 3925