78
140.767
143.412
146.242
149.273
152.523
156.015
159.772
163.82
168.19
172.913
178.029
183.579
189.611
196.179
203.344
211.174
219.748
229.152
239.486
250.862
263.404
277.251
292.557
309.489
328.227
348.957
371.867
397.131
424.894
455.236
488.142
523.44
560.741
599.363
638.265
676.007
710.77
740.467
762.968
776.411
779.544
771.985
754.315
727.956
694.89
657.313
617.323
576.711
536.859
498.743
462.972
429.87
399.548
371.973
347.021
324.514
304.251
286.023
269.628
254.874
241.584
229.598
218.771
208.975
200.096
192.033
184.698
178.011
171.905
166.317
161.195
156.491
152.164
148.175
144.493
141.088
137.934
135.009
