142 86 135
142 87 90
141 87 90
140 88 90
139 88 90
139 89 90
138 89 90
138 90 90
137 91 90
137 92 90
136 92 90
136 93 90
135 93 90
135 94 90
134 94 90
134 95 90
133 95 90
133 96 90
132 97 90
132 98 90
132 99 90
131 99 90
131 100 90
130 100 90
130 101 90
129 101 90
129 102 135
128 102 180
128 103 135
127 103 90
126 103 90
126 104 90
126 105 90
125 105 135
125 106 180
124 106 135
124 107 90
123 107 90
123 108 135
122 108 180
122 109 135
121 109 135
121 110 180
120 110 135
120 111 135
119 111 135
119 112 90
118 112 90
118 113 180
118 114 90
117 114 90
117 115 135
116 115 135
116 116 135
115 116 135
115 117 90
114 117 90
114 118 180
113 118 135
113 119 135
112 119 135
112 120 135
111 120 180
111 121 90
110 121 90
109 121 180
109 122 90
108 122 90
108 123 180
107 123 135
107 124 135
106 124 180
106 125 90
105 125 90
105 126 180
104 126 135
104 127 135
104 128 180
104 129 135
103 130 135
103 131 180
103 132 180
103 133 90
102 133 90
102 134 180
102 135 135
102 136 135
102 137 180
102 138 180
102 139 90
101 139 90
101 140 180
101 141 180
101 142 180
101 143 90
101 144 90
101 145 180
101 146 180
100 147 180
100 148 90
100 149 90
100 150 180
100 151 180
100 152 180
100 153 135
100 154 135
100 155 180
100 156 180
100 157 180
99 157 135
99 158 135
99 159 180
99 160 180
99 161 180
99 162 180
99 163 135
99 164 135
99 165 180
99 166 180
99 167 180
99 168 180
98 168 180
98 169 180
98 170 135
98 171 135
98 172 180
98 173 180
98 174 180
98 175 180
97 175 180
97 176 180
97 177 180
97 178 180
97 179 180
97 180 180
97 181 135
97 182 135
97 183 180
96 183 180
96 184 180
96 185 180
96 186 180
96 187 180
96 188 180
96 189 180
96 190 180
95 190 180
95 191 180
95 192 180
95 193 180
95 194 180
95 195 180
95 196 180
95 197 180
95 198 135
94 198 135
94 199 180
94 200 180
94 201 180
94 202 180
94 203 180
94 204 180
94 205 180
94 206 180
93 206 180
93 207 180
93 208 135
93 209 135
93 210 180
93 211 180
93 212 180
93 213 180
93 214 180
93 215 90
92 215 90
92 216 180
92 217 180
92 218 180
92 219 180
92 220 135
92 221 135
92 222 180
92 223 180
92 224 180
92 225 90
91 225 90
91 226 180
91 227 180
91 228 135
91 229 135
91 230 180
91 231 180
91 232 135
91 233 135
91 234 180
92 235 135
92 236 135
92 237 180
92 238 135
92 239 135
92 240 180
92 241 90
92 242 90
93 242 180
93 243 135
93 244 135
93 245 135
93 246 135
93 247 135
94 247 135
94 248 135
94 249 135
94 250 135
94 251 135
94 252 90
95 252 90
95 253 135
95 254 135
95 255 90
95 256 90
95 257 135
95 258 135
95 259 90
96 259 90
96 260 90
96 261 90
96 262 135
96 263 180
97 263 135
97 264 90
97 265 90
97 266 90
97 267 90
98 267 135
98 268 180
99 268 180
99 269 180
100 270 180
100 271 180
101 271 180
101 272 135
102 272 90
102 273 135
103 273 135
103 274 90
103 275 90
104 275 90
104 276 90
105 276 135
105 277 135
106 277 90
106 278 135
107 278 180
107 279 135
108 279 135
108 280 180
109 280 135
109 281 90
110 281 90
110 282 135
111 282 135
111 283 90
112 283 90
112 284 180
113 284 90
113 285 90
114 285 135
114 286 135
115 286 135
115 287 135
116 287 90
117 287 90
117 288 180
118 288 90
118 289 90
119 289 180
119 290 135
120 290 135
121 290 135
121 291 135
122 291 180
123 292 90
124 292 90
124 293 180
125 293 180
126 293 90
126 294 90
127 294 180
127 295 180
128 295 90
129 295 90
129 296 180
130 296 180
131 296 135
131 297 135
132 297 180
132 298 180
133 298 135
133 299 135
134 299 180
134 300 180
135 300 135
136 301 135
137 302 180
138 303 180
139 304 180
140 305 135
141 306 135
141 307 180
142 307 180
143 308 180
144 309 180
145 310 90
146 310 90
146 311 180
147 311 180
147 312 180
148 312 180
148 313 180
149 313 180
150 314 90
150 315 90
151 315 180
151 316 180
152 316 180
153 316 180
153 317 180
154 317 180
154 318 180
155 318 180
156 318 180
156 319 135
157 319 135
158 319 180
158 320 180
159 320 180
159 321 180
160 321 180
161 321 180
161 322 180
162 322 180
163 322 180
163 323 180
164 323 180
165 323 180
165 324 180
166 324 180
166 325 180
167 325 180
168 325 180
168 326 180
169 326 180
170 326 180
170 327 180
171 327 180
172 327 180
172 328 180
173 328 180
174 328 180
175 329 90
176 329 90
177 329 180
178 329 180
179 329 180
179 330 180
180 330 135
181 330 135
182 330 180
183 330 90
184 330 90
185 330 180
185 331 135
186 331 135
187 331 90
188 331 90
189 331 180
190 331 135
191 331 135
192 331 180
193 331 90
194 331 90
195 331 135
196 331 135
197 331 180
198 331 90
199 331 90
200 331 180
201 331 90
202 331 90
203 331 180
203 330 135
204 330 135
205 330 90
206 330 90
207 330 180
208 330 135
209 329 135
210 329 135
211 329 135
212 329 180
212 328 90
213 328 90
214 328 180
215 328 90
215 327 90
216 327 180
217 327 90
218 327 90
219 327 180
219 326 135
220 326 135
221 326 135
222 326 135
222 325 180
223 325 90
224 325 90
225 325 135
225 324 135
226 324 180
227 324 90
228 324 90
228 323 180
229 323 135
230 323 135
231 323 135
231 322 135
232 322 180
233 322 90
234 322 90
234 321 180
235 321 90
236 321 90
237 321 180
237 320 135
238 320 135
239 320 135
240 320 135
240 319 180
241 319 90
242 319 90
243 319 180
243 318 90
244 318 90
245 318 180
246 318 90
246 317 90
247 317 180
248 317 135
249 317 135
249 316 135
250 316 135
251 316 180
252 316 90
252 315 90
253 315 180
254 315 90
255 315 90
255 314 180
256 314 180
257 314 90
258 314 90
259 314 180
259 313 135
260 313 135
261 313 135
262 313 135
263 313 180
264 313 90
265 313 90
265 312 180
266 312 90
267 312 90
268 312 180
269 312 135
270 312 135
270 311 180
271 311 90
272 311 90
273 311 180
274 311 90
274 310 90
275 310 180
276 310 135
276 309 135
277 309 180
278 309 90
278 308 90
279 308 180
279 307 135
280 307 135
281 307 180
281 306 90
282 306 90
283 305 180
284 305 90
284 304 90
285 304 180
286 303 135
287 303 135
288 302 180
289 302 90
290 302 90
290 301 180
291 301 135
292 301 135
292 300 180
293 300 90
294 300 90
294 299 180
295 299 135
296 299 135
296 298 180
297 298 90
298 298 90
298 297 180
299 297 90
300 297 90
300 296 180
301 296 180
302 296 90
302 295 90
303 295 180
304 295 135
305 294 135
306 294 90
307 294 90
307 293 180
308 293 90
309 293 90
309 292 180
310 292 135
311 292 135
311 291 180
312 291 90
313 291 90
313 290 180
314 290 135
315 290 135
316 289 180
317 289 135
318 289 135
318 288 135
319 288 135
320 288 180
320 287 90
321 287 90
322 287 180
322 286 135
323 286 135
324 286 180
324 285 90
325 285 90
326 285 180
326 284 180
327 284 90
328 284 90
328 283 180
329 283 90
330 283 90
330 282 180
331 282 180
332 282 90
332 281 90
333 281 180
334 281 135
334 280 135
335 280 180
336 280 90
336 279 90
337 279 180
338 279 135
338 278 135
339 278 135
340 278 135
340 277 180
341 277 135
341 276 135
342 276 180
343 276 90
343 275 90
344 275 180
345 275 135
345 274 135
346 274 180
347 273 90
348 273 90
349 273 180
349 272 180
350 272 90
351 272 90
351 271 180
352 271 135
353 271 135
354 271 180
354 270 90
355 270 90
356 270 180
356 269 135
357 269 135
358 269 180
359 268 90
360 268 90
361 268 180
361 267 180
362 267 90
363 266 90
364 266 180
365 266 90
365 265 90
366 265 180
367 265 180
367 264 90
368 264 90
369 263 180
370 263 135
371 262 135
372 262 180
373 261 90
374 261 90
375 260 180
376 260 180
376 259 90
377 259 90
378 259 180
378 258 90
379 258 90
380 258 180
380 257 180
381 257 90
382 257 90
382 256 180
383 256 135
384 256 135
384 255 180
385 255 90
386 254 90
387 254 180
388 254 180
388 253 90
389 253 90
389 252 180
390 252 135
391 252 135
391 251 180
392 251 90
393 251 90
393 250 180
394 250 135
395 250 135
395 249 180
396 249 90
397 249 90
397 248 180
398 248 180
399 247 90
400 247 90
401 247 180
401 246 135
402 246 135
403 246 180
403 245 90
404 245 90
405 245 180
405 244 180
406 244 90
407 244 90
408 244 180
408 243 135
409 243 135
410 243 180
410 242 90
411 242 90
412 242 180
413 242 180
413 241 90
414 241 90
415 241 180
416 240 135
417 240 135
418 240 180
418 239 90
419 239 90
420 239 180
421 238 180
422 238 90
423 237 90
424 237 180
425 237 180
425 236 90
426 236 90
427 236 180
427 235 90
428 235 90
429 235 180
429 234 180
430 234 90
431 234 90
431 233 180
432 233 135
433 233 135
434 233 180
434 232 135
435 232 135
436 232 180
436 231 135
437 231 135
437 230 180
438 230 180
439 230 135
439 229 135
440 229 180
440 228 180
441 228 90
442 228 90
442 227 180
443 227 180
444 227 180
444 226 180
445 226 135
446 226 135
446 225 180
447 225 180
448 225 180
449 225 180
449 224 180
450 224 135
451 224 135
451 223 180
452 223 180
453 223 180
454 223 180
454 222 180
455 222 180
456 222 90
457 221 90
458 221 180
459 221 180
459 220 180
460 220 180
461 220 180
462 219 180
463 219 180
464 219 180
464 218 90
465 218 90
466 218 180
467 218 180
467 217 180
468 217 180
469 217 180
469 216 180
470 216 180
471 216 180
472 216 180
472 215 180
473 215 180
474 215 90
475 214 90
476 214 180
477 214 180
477 213 180
478 213 180
479 213 180
480 212 180
481 212 180
482 212 180
483 212 180
483 211 180
484 211 180
485 211 180
486 211 180
486 210 180
487 210 180
488 210 180
489 210 180
490 210 180
490 209 180
491 209 180
492 209 180
493 209 180
494 209 180
494 208 180
495 208 180
496 208 180
497 208 180
498 208 180
499 208 180
499 207 180
500 207 180
501 207 180
502 207 180
503 207 180
504 207 180
505 207 180
505 206 180
506 206 180
507 206 180
508 206 180
509 206 180
510 206 180
511 206 180
512 206 180
513 206 180
514 206 180
515 206 180
516 206 180
517 206 180
518 206 135
519 206 135
520 206 180
520 205 180
521 205 180
522 205 180
523 205 180
524 205 180
525 205 180
526 205 180
527 205 180
528 205 180
529 205 180
530 205 180
531 205 135
532 205 135
533 205 180
534 205 180
535 205 180
536 205 180
536 204 180
537 204 180
538 204 180
539 204 180
540 204 180
541 204 90
542 204 90
543 204 180
544 204 180
545 204 180
546 204 180
547 204 180
548 204 180
549 204 180
550 204 180
551 204 135
552 204 135
553 204 180
553 203 180
554 203 180
555 203 180
556 203 180
557 203 180
558 203 135
559 203 135
560 203 180
561 203 180
562 203 180
563 203 180
564 203 180
565 203 135
566 203 135
567 203 180
568 203 180
569 203 180
570 203 180
571 203 180
572 203 90
572 204 90
572 203 180
573 203 180
574 203 180
575 203 180
576 203 180
577 203 135
578 203 135
579 203 180
580 203 180
581 203 180
582 203 135
583 203 135
584 203 180
585 203 180
586 203 180
587 203 180
587 204 90
588 204 90
589 204 180
590 204 180
591 204 180
592 204 180
593 204 135
594 204 135
595 204 180
596 204 180
597 204 180
598 204 135
599 204 135
600 204 180
601 204 180
602 204 180
603 204 90
604 204 90
605 204 180
606 204 180
607 204 180
608 204 90
609 204 90
609 205 180
610 205 180
611 205 135
612 205 135
613 205 180
614 205 180
615 205 90
616 205 90
617 205 180
618 205 135
619 205 135
620 205 180
621 205 135
622 205 135
623 205 180
624 205 90
625 205 90
626 205 180
627 205 135
628 205 135
629 205 180
630 205 90
631 205 90
632 205 180
633 205 180
634 205 90
635 205 90
636 205 180
637 205 135
638 205 135
639 205 180
640 205 90
640 206 90
641 206 180
642 206 135
643 206 135
644 206 180
645 206 90
646 206 90
647 206 180
648 206 180
648 207 90
649 207 90
650 207 180
651 207 135
652 207 135
653 207 180
654 207 90
655 207 90
655 208 180
656 208 180
657 208 90
658 208 90
659 208 180
660 208 90
661 208 90
662 209 180
663 209 180
664 209 90
665 209 90
666 209 180
667 209 90
668 209 90
668 210 180
669 210 180
670 210 90
671 210 90
672 210 180
673 211 135
674 211 135
675 211 180
676 211 90
677 211 90
677 212 180
678 212 135
679 212 135
680 212 180
681 212 90
682 212 90
682 213 180
683 213 135
684 213 135
685 213 180
686 213 135
687 213 135
688 213 135
689 213 135
690 213 180
691 213 135
692 213 135
693 213 180
694 213 90
695 213 90
696 213 180
697 213 135
698 213 135
699 213 180
700 213 90
700 214 90
701 214 180
702 214 180
703 214 90
704 214 90
705 214 180
706 214 90
706 215 90
707 215 180
708 215 180
709 215 90
710 215 90
711 215 180
712 215 90
712 216 90
713 216 180
714 216 180
715 216 90
716 216 90
717 216 180
717 217 135
718 217 135
719 217 135
720 217 135
721 217 180
721 218 135
722 218 135
723 218 180
724 218 90
725 218 90
725 219 180
726 219 135
727 219 135
728 219 180
728 220 90
729 220 90
730 220 180
731 220 90
732 220 90
732 221 180
733 221 180
734 221 90
735 221 90
735 222 180
736 222 135
737 222 135
738 222 180
738 223 90
739 223 90
740 223 180
741 224 135
742 224 135
743 224 135
744 225 135
745 225 180
746 225 135
746 226 135
747 226 180
748 226 90
749 226 90
749 227 180
750 227 90
751 227 90
751 228 180
752 228 180
753 228 90
754 228 90
754 229 180
755 229 90
756 229 90
757 230 180
758 230 135
759 230 135
759 231 180
760 231 135
761 231 135
762 231 135
762 232 135
763 232 180
764 232 90
764 233 90
765 233 180
766 233 180
766 234 90
767 234 90
768 234 180
769 234 90
769 235 90
770 235 180
771 235 135
771 236 135
772 236 135
773 236 135
773 237 180
774 237 135
775 237 135
776 238 180
777 238 90
778 239 90
779 239 180
780 239 90
780 240 90
781 240 180
781 241 135
782 241 135
783 241 180
784 242 90
785 242 90
785 243 180
786 243 135
787 243 135
787 244 180
788 244 90
789 244 90
789 245 180
790 245 90
791 246 90
792 246 180
792 247 180
793 247 90
794 247 90
794 248 180
795 248 90
795 249 90
796 249 180
797 249 135
797 250 135
798 250 180
798 251 90
799 251 90
800 252 180
801 252 90
801 253 90
802 253 180
802 254 135
803 254 135
804 255 180
805 255 90
805 256 90
806 256 180
806 257 135
807 257 135
807 258 180
808 258 90
808 259 90
809 259 180
809 260 90
810 260 90
810 261 180
811 261 135
812 261 135
812 262 135
813 262 135
814 263 180
815 263 90
815 264 90
816 264 180
816 265 90
817 265 90
818 265 180
818 266 135
819 266 135
820 266 180
821 266 90
821 267 90
822 267 180
823 267 90
824 267 90
825 267 180
825 268 180
826 268 90
827 268 90
828 268 180
829 268 90
830 268 90
830 269 180
831 269 135
832 269 135
833 269 180
834 269 90
835 269 90
836 269 180
837 270 90
838 270 90
839 270 180
840 270 135
841 271 135
842 271 135
843 271 135
844 271 180
844 272 90
845 272 90
846 272 180
847 272 90
848 272 90
848 273 180
849 273 135
850 273 135
851 273 180
851 274 90
852 274 90
853 274 135
854 274 135
854 275 180
855 275 90
856 275 90
857 275 180
857 276 90
858 276 90
859 276 180
859 277 135
860 277 135
861 277 180
862 278 90
863 278 90
864 278 180
864 279 90
865 279 90
866 280 180
867 280 135
868 280 135
868 281 135
869 281 135
870 281 180
870 282 90
871 282 90
871 283 180
872 283 90
873 283 90
873 284 180
874 284 135
875 284 135
875 285 135
876 285 135
877 286 135
878 286 135
878 287 180
879 287 90
880 287 90
880 288 180
881 288 180
882 289 180
883 289 90
883 290 90
884 290 180
885 291 90
886 291 90
886 292 63.43495
887 292 63.43495
888 292 180
888 293 180
889 293 180
889 294 180
890 294 180
891 294 180
891 295 180
892 295 180
892 296 90
893 296 90
894 296 180
894 297 180
895 297 180
896 298 180
897 298 180
897 299 135
898 299 135
898 300 180
899 300 180
900 300 180
900 301 135
901 301 135
901 302 180
902 302 180
903 302 180
903 303 90
904 303 90
905 303 180
905 304 180
906 304 135
906 305 135
907 305 180
908 305 180
908 306 90
909 306 90
910 306 180
910 307 180
911 307 90
911 308 90
912 308 180
913 308 180
913 309 90
914 309 90
915 309 180
915 310 180
916 310 90
917 310 90
917 311 180
918 311 90
919 311 90
919 312 180
920 312 135
921 312 135
921 313 135
922 313 135
923 313 135
923 314 135
924 314 180
925 314 90
926 314 90
926 315 135
927 315 135
928 315 135
928 316 135
929 316 90
930 316 90
930 317 180
931 317 90
932 317 90
933 317 135
933 318 135
934 318 90
935 318 90
936 318 135
936 319 135
937 319 90
938 319 90
939 319 90
939 320 90
940 320 180
941 320 90
941 321 90
942 321 90
943 321 90
944 321 90
944 322 90
945 322 135
946 322 180
947 322 135
947 323 90
948 323 90
949 323 135
950 324 180
951 324 180
952 324 180
952 325 180
953 325 180
954 325 180
954 326 135
955 326 90
956 326 135
957 326 180
957 327 180
958 327 135
959 327 90
960 327 135
960 328 135
961 328 90
962 328 90
963 328 90
964 328 90
965 328 90
966 328 90
967 328 135
968 328 180
969 328 135
970 328 90
971 328 90
971 329 135
972 329 135
973 329 90
974 329 90
975 329 90
976 329 90
977 329 135
978 329 135
979 329 90
980 329 90
981 329 135
981 328 135
982 328 90
983 328 90
984 328 135
985 328 135
986 328 135
987 328 135
988 328 90
989 328 90
990 328 135
991 328 135
992 328 90
993 328 90
993 327 180
994 327 90
995 327 90
996 327 135
997 327 135
998 327 135
999 327 135
1000 327 180
1001 327 90
1002 327 90
1003 327 180
1003 326 90
1004 326 90
1005 326 180
1006 326 90
1007 326 90
1008 326 180
1009 326 135
1010 326 135
1011 326 180
1012 326 90
1013 326 90
1014 326 180
1015 326 90
1016 326 90
1017 326 180
1018 326 180
1019 326 90
1020 326 90
1021 326 180
1022 326 180
1023 326 135
1023 325 135
1024 325 180
1025 325 180
1026 325 90
1027 325 90
1027 324 180
1028 324 180
1029 324 180
1029 323 90
1030 323 90
1031 323 180
1031 322 180
1032 322 180
1033 322 180
1033 321 90
1034 321 90
1035 321 180
1035 320 180
1036 320 180
1036 319 180
1037 319 180
1038 318 180
1039 318 180
1039 317 90
1040 317 90
1040 316 180
1041 316 180
1041 315 180
1042 315 180
1042 314 180
1043 314 180
1044 313 180
1045 313 180
1045 312 180
1046 312 180
1046 311 180
1047 311 180
1047 310 180
1048 310 180
1048 309 180
1049 309 180
1049 308 180
1050 308 180
1051 307 180
1052 307 180
1052 306 180
1053 306 135
1053 305 135
1054 305 180
1054 304 180
1055 304 180
1055 303 180
1056 303 180
1056 302 180
1057 302 180
1057 301 90
1058 301 90
1058 300 180
1059 300 180
1059 299 180
1060 299 180
1060 298 180
1061 298 90
1061 297 90
1062 297 180
1062 296 180
1062 295 180
1063 295 180
1063 294 90
1064 294 90
1064 293 180
1065 293 180
1065 292 180
1066 292 90
1066 291 90
1067 291 180
1067 290 180
1068 290 180
1068 289 135
1068 288 135
1069 288 180
1069 287 180
1070 287 90
1070 286 90
1071 286 180
1071 285 180
1071 284 90
1072 284 90
1072 283 180
1073 283 180
1073 282 90
1074 282 90
1074 281 180
1074 280 180
1075 280 90
1075 279 90
1076 278 180
1076 277 135
1077 277 135
1077 276 180
1078 275 135
1078 274 135
1079 274 180
1079 273 90
1079 272 90
1080 272 180
1080 271 90
1080 270 90
1081 270 180
1081 269 90
1082 268 90
1082 267 180
1083 267 90
1083 266 90
1083 265 180
1084 265 135
1084 264 135
1084 263 135
1085 263 135
1085 262 90
1085 261 90
1086 261 180
1086 260 90
1086 259 90
1087 259 180
1087 258 90
1087 257 90
1087 256 90
1088 256 90
1088 255 180
1088 254 90
1089 254 90
1089 253 135
1089 252 135
1089 251 90
1090 251 90
1090 250 135
1090 249 180
1090 248 135
1091 248 90
1091 247 90
1091 246 135
1091 245 180
1092 245 135
1092 244 90
1092 243 90
1092 242 90
1092 241 90
1092 240 90
1093 240 90
1093 239 90
1093 238 90
1093 237 135
1093 236 180
1093 235 180
1094 235 135
1094 234 90
1094 233 90
1094 232 90
1094 231 90
1094 230 90
1094 229 90
1094 228 90
1094 227 135
1094 226 180
1094 225 180
1094 224 135
1094 223 90
1094 222 90
1094 221 90
1095 221 90
1095 220 90
1095 219 90
1095 218 90
1095 217 90
1095 216 180
1095 215 90
1095 214 90
1095 213 90
1095 212 90
1095 211 90
1095 210 90
1095 209 135
1095 208 135
1095 207 90
1095 206 90
1095 205 135
1095 204 135
1095 203 90
1095 202 90
1095 201 135
1095 200 135
1095 199 90
1095 198 90
1095 197 180
1095 196 90
1094 196 90
1094 195 135
1094 194 135
1094 193 90
1094 192 90
1094 191 180
1094 190 90
1094 189 90
1094 188 180
1094 187 90
1094 186 90
1094 185 180
1094 184 90
1094 183 90
1094 182 180
1094 181 90
1094 180 90
1093 180 180
1093 179 90
1093 178 90
1093 177 180
1093 176 135
1093 175 135
1093 174 135
1093 173 135
1093 172 180
1093 171 180
1093 170 180
1092 170 180
1092 169 180
1092 168 180
1092 167 180
1092 166 180
1092 165 180
1092 164 180
1092 163 180
1092 162 180
1092 161 180
1091 160 180
1091 159 180
1091 158 180
1091 157 180
1091 156 180
1091 155 180
1091 154 180
1090 154 180
1090 153 180
1090 152 180
1090 151 180
1090 150 180
1089 150 180
1089 149 180
1089 148 180
1089 147 180
1088 147 180
1088 146 180
1088 145 180
1087 145 180
1087 144 180
1087 143 180
1087 142 180
1086 142 180
1086 141 180
1086 140 180
1085 140 180
1085 139 180
1084 139 180
1084 138 180
1084 137 180
1083 137 180
1083 136 180
1082 136 180
1082 135 180
1082 134 180
1081 134 180
1081 133 180
1080 133 180
1080 132 135
1079 131 135
1079 130 180
1078 130 180
1078 129 180
1077 129 180
1077 128 180
1076 128 180
1076 127 180
1076 126 180
1075 126 180
1075 125 180
1074 125 180
1074 124 180
1074 123 180
1073 123 180
1073 122 180
1073 121 180
1072 121 180
1072 120 180
1072 119 180
1071 119 180
1071 118 180
1071 117 180
1070 117 180
1070 116 180
1070 115 180
1070 114 180
1069 114 180
1069 113 180
1069 112 180
1069 111 180
1068 111 180
1068 110 180
1068 109 180
1067 108 180
1067 107 180
1067 106 180
1066 106 180
1066 105 180
1066 104 180
1065 104 180
1065 103 180
1065 102 180
1064 102 180
1064 101 180
1064 100 180
1063 100 180
1063 99 180
1063 98 180
1062 98 180
1062 97 180
1061 97 180
1061 96 180
1061 95 180
1060 95 180
1060 94 180
1059 94 180
1059 93 180
1058 93 180
1058 92 180
1057 92 180
1057 91 180
1056 91 180
1056 90 180
1055 89 180
1054 89 180
1054 88 180
1053 88 180
1053 87 180
1052 87 180
1051 87 90
1051 86 90
1050 86 180
1050 85 180
1049 85 180
1048 85 180
1048 84 180
1047 84 180
1046 84 180
1046 83 180
1045 83 180
1044 83 180
1043 83 180
1043 82 180
1042 82 180
1041 82 180
1040 82 180
1039 82 180
1039 81 180
1038 81 180
1037 81 180
1036 81 180
1035 81 180
1035 80 180
1034 80 180
1033 80 180
1032 80 180
1031 80 180
1030 80 180
1030 79 180
1029 79 180
1028 79 180
1027 79 180
1026 79 180
1026 78 180
1025 78 180
1024 78 180
1023 78 180
1022 78 180
1022 77 180
1021 77 180
1020 77 180
1019 77 180
1018 77 180
1017 77 180
1016 77 180
1016 76 180
1015 76 180
1014 76 180
1013 76 180
1012 76 180
1011 76 180
1010 76 180
1009 76 180
1008 76 180
1008 75 180
1007 75 180
1006 75 180
1005 75 180
1004 75 180
1003 75 180
1002 75 180
1001 75 180
1000 75 180
1000 74 180
999 74 180
998 74 180
997 74 180
996 74 180
995 74 180
994 74 180
994 73 180
993 73 180
992 73 180
991 73 180
990 73 180
989 73 180
988 73 180
988 72 180
987 72 180
986 72 180
985 72 180
984 72 180
983 72 180
982 72 180
981 72 90
981 71 90
980 71 180
979 71 180
978 71 180
977 71 180
976 71 180
975 71 180
974 71 180
973 71 180
972 71 180
971 71 180
971 72 180
970 72 180
969 72 180
968 72 180
967 72 180
966 72 180
965 72 180
964 72 180
963 72 180
962 72 180
961 72 180
960 72 180
959 224 180
959 72 180
958 72 180
957 72 180
956 72 180
955 72 180
954 72 180
953 73 180
952 73 180
951 73 180
950 73 180
949 73 180
949 74 180
948 74 180
947 74 180
946 74 180
945 74 180
945 75 180
944 75 180
943 75 180
942 75 180
941 75 180
940 75 180
939 75 180
938 75 180
938 76 180
937 76 180
936 76 180
935 76 180
934 76 180
933 76 180
932 76 180
931 76 180
930 76 180
929 76 180
928 76 180
927 76 180
926 76 180
925 76 180
924 76 180
923 76 180
922 76 180
921 76 180
921 77 180
920 77 180
919 77 180
918 77 180
918 76 180
917 76 180
916 76 180
915 76 180
914 76 180
913 76 180
912 76 180
911 76 180
910 76 135
909 76 135
908 76 180
907 76 180
906 76 180
905 76 180
904 76 180
903 76 180
902 76 180
902 75 180
901 75 180
900 75 180
899 75 180
898 75 180
897 75 180
896 75 180
895 75 180
894 75 180
893 75 180
892 75 180
891 75 180
890 75 180
889 75 180
888 75 180
887 75 180
886 75 180
885 75 180
884 75 180
884 76 180
883 76 180
882 76 180
881 76 180
880 76 180
879 76 180
878 76 180
877 76 180
876 76 180
875 76 180
874 76 180
873 76 180
872 76 180
871 76 180
870 76 180
869 76 180
868 76 180
867 76 180
866 76 180
865 76 180
864 76 180
863 76 180
862 76 180
861 76 180
860 76 180
859 76 180
858 76 180
857 76 180
856 76 180
855 76 180
854 76 180
853 76 180
852 76 180
851 76 180
850 76 180
849 76 180
848 76 180
847 76 180
846 76 180
845 76 180
844 76 180
843 76 180
842 76 180
841 76 180
840 76 180
839 76 180
838 76 180
837 76 180
836 76 180
835 76 180
834 76 180
833 76 180
832 76 180
831 76 180
830 76 180
830 75 180
829 75 180
828 75 180
827 75 180
826 75 180
825 75 180
824 75 180
823 75 180
822 75 180
821 75 180
820 75 180
819 75 180
818 75 180
817 75 180
816 75 180
815 75 180
814 75 180
813 75 180
812 75 180
811 75 180
810 75 180
809 75 180
808 75 180
807 75 180
807 74 180
806 74 180
805 74 180
804 74 180
803 74 180
802 74 180
801 74 180
800 74 180
799 74 180
798 74 180
797 74 180
796 74 180
795 74 180
794 74 180
793 74 180
792 74 180
791 74 180
790 74 180
789 74 180
788 74 180
788 73 180
787 73 180
786 73 180
785 73 180
784 73 180
783 73 180
782 73 180
781 73 180
780 73 180
779 73 135
778 73 135
777 73 180
776 73 180
775 73 180
774 73 180
773 73 180
772 73 180
771 73 180
770 73 180
769 73 180
769 74 180
768 74 180
767 74 180
766 74 180
765 74 180
764 74 180
763 74 180
762 74 180
761 74 180
760 74 180
759 74 180
758 74 180
757 74 180
756 74 180
755 74 180
754 74 180
753 74 180
752 74 180
751 74 180
750 74 180
749 74 180
748 74 180
747 74 180
746 74 180
745 74 180
744 74 180
743 74 180
742 74 180
741 74 180
740 74 180
739 74 180
738 74 180
737 74 180
736 74 180
735 74 180
734 74 180
733 74 180
732 74 180
731 74 180
730 74 90
729 74 90
728 74 180
727 74 180
726 74 180
725 74 180
724 74 180
723 74 180
722 74 180
721 74 180
720 74 180
719 74 180
718 74 180
717 74 180
716 74 180
715 74 180
714 74 180
713 74 180
712 74 180
711 74 180
710 74 180
709 74 180
708 74 180
707 74 180
706 74 180
705 74 180
704 74 180
703 74 90
702 74 90
701 74 180
700 74 180
699 74 180
698 74 180
697 74 180
696 74 180
695 74 180
694 74 180
693 74 180
692 74 180
691 74 180
690 74 180
689 74 180
688 74 180
687 74 180
686 74 180
685 74 180
684 74 180
683 74 180
682 74 180
681 74 180
680 74 90
679 74 90
678 74 180
677 74 180
676 74 180
675 74 180
674 74 180
673 74 180
672 74 180
671 74 180
670 74 180
669 74 180
668 74 180
667 74 180
666 74 180
665 74 180
664 74 180
663 74 180
662 74 180
661 74 180
660 74 180
659 74 180
658 74 135
658 73 135
657 73 180
656 73 180
655 73 180
654 73 180
653 73 180
652 73 180
651 73 180
650 73 180
649 73 180
648 73 180
647 73 180
646 73 180
645 73 180
644 73 180
643 73 180
642 73 180
641 73 180
640 73 180
639 73 180
638 73 180
637 73 180
636 73 180
636 72 180
635 72 180
634 72 180
633 72 180
632 72 180
631 72 180
630 72 180
629 72 180
628 72 180
627 72 180
626 72 90
625 72 90
624 72 180
623 72 180
622 72 180
621 72 180
620 72 180
619 72 180
618 72 180
617 72 180
617 73 90
616 73 90
615 73 180
614 73 180
613 73 180
612 73 180
611 73 180
610 73 180
609 73 180
608 73 180
607 73 180
606 73 180
605 73 180
604 73 180
603 73 180
602 73 180
602 72 180
601 72 180
600 72 180
599 72 180
598 72 180
597 72 180
596 72 180
595 72 180
594 72 180
593 72 180
592 72 180
591 72 180
590 72 180
589 72 180
588 72 180
587 72 180
586 72 180
585 72 180
584 72 180
583 72 180
582 72 180
581 72 180
580 72 180
579 72 180
578 72 180
577 72 180
576 72 180
575 72 180
574 72 180
574 71 180
573 71 180
572 71 180
571 71 180
570 71 180
569 71 180
568 71 180
567 71 180
566 71 180
565 71 180
564 71 180
563 71 180
562 71 180
561 71 180
560 71 180
559 71 180
558 71 180
557 71 180
556 71 180
555 71 180
554 71 180
553 71 180
552 71 180
551 71 180
550 71 180
549 71 180
548 71 180
547 71 180
546 71 180
545 71 180
544 71 180
543 71 180
542 71 180
541 71 180
540 71 180
539 71 180
539 70 180
538 70 180
537 70 180
536 70 180
535 70 180
534 70 180
533 70 180
532 70 180
531 70 180
530 70 180
529 70 180
528 70 180
527 70 180
526 70 180
525 70 180
524 70 90
523 70 90
522 70 180
521 70 180
520 70 180
519 70 180
519 74 180
519 69 180
518 69 180
517 69 180
516 69 180
515 69 180
514 69 180
513 69 180
512 69 180
511 69 180
510 69 180
509 69 180
508 69 180
507 69 180
506 69 180
505 69 180
504 69 180
503 69 180
502 69 180
501 69 180
500 69 180
499 69 180
498 69 180
497 69 180
496 69 180
495 69 180
494 69 180
493 69 180
492 69 180
491 69 90
490 69 90
489 69 180
488 69 180
487 69 180
486 69 180
485 69 180
484 69 180
484 68 180
483 68 180
482 68 180
481 68 180
480 68 180
479 68 180
478 68 180
477 68 180
476 68 180
475 68 180
474 68 180
473 68 180
472 68 90
471 68 90
470 68 180
469 68 180
468 68 180
467 68 180
466 68 180
465 68 180
464 68 180
463 67 180
462 67 180
461 67 180
460 67 180
459 67 180
458 67 180
457 67 180
456 67 180
455 67 90
454 67 90
453 67 180
452 67 180
451 67 180
450 67 180
449 67 180
448 67 180
447 67 180
446 67 180
446 66 180
445 66 180
444 66 180
443 66 180
442 66 180
441 66 90
440 66 90
439 66 180
438 66 180
437 66 180
436 66 180
435 66 180
434 66 180
433 66 180
432 66 180
431 66 180
431 65 180
430 65 180
429 65 135
428 65 135
428 66 180
427 66 180
426 66 180
425 66 180
424 66 180
423 66 180
422 66 180
421 66 180
420 66 180
419 66 180
418 66 90
417 66 90
416 66 180
415 66 180
414 66 180
413 66 180
412 66 180
411 66 180
410 66 180
409 66 180
408 66 180
408 67 180
407 67 90
406 67 90
405 67 180
404 67 180
403 67 180
402 67 180
401 67 180
400 67 180
399 67 180
398 67 180
397 67 180
396 67 135
395 67 135
394 67 180
393 67 180
392 67 180
391 67 180
390 67 180
389 67 180
388 67 180
387 67 180
386 67 90
385 67 90
384 67 180
383 67 180
382 67 180
381 67 180
380 67 180
379 67 180
378 67 180
377 67 180
376 67 90
375 67 90
374 67 180
373 67 180
372 67 180
371 67 180
370 67 180
370 198 180
370 67 135
369 67 135
368 67 180
367 67 180
366 67 180
365 67 180
364 67 180
363 67 180
363 68 90
362 68 90
361 68 180
360 68 180
359 68 180
358 68 180
357 68 180
357 69 90
356 69 90
355 69 180
354 69 180
353 69 180
352 69 180
351 69 180
351 70 90
350 70 90
349 70 180
348 70 180
347 70 180
346 70 180
345 70 180
345 69 90
344 69 90
343 69 180
342 69 180
341 69 180
340 69 180
339 69 135
338 69 135
337 69 180
336 69 180
335 69 180
334 69 90
333 69 90
333 68 180
332 68 180
331 68 180
330 68 135
329 68 135
328 68 135
327 68 180